4,58,240,4,58,240,4,58,240
5,29,3660,5,25,3660,5,25,3660
6,55,600,6,55,600,6,55,600
7,55,600,7,55,600,7,55,600
8,55,600,8,55,600,8,55,600
9,55,600,9,55,600,9,55,600
10,55,600,10,55,600,10,55,600
11,55,600,11,55,600,11,55,600
12,55,600,12,55,600,12,55,600
13,55,600,13,55,600,13,55,600
14,55,600,14,55,600,14,55,600
15,55,600,15,55,600,15,55,600
16,55,600,16,55,600,16,55,600
17,14,4560,17,10,4560,17,10,4560
18,55,600,18,55,600,18,55,600
19,55,600,19,55,600,19,55,600
20,55,600,20,55,600,20,55,600
21,55,600,21,55,600,21,55,600
